# This file may be used to create an environment using:
# $ conda create --name <env> --file <this file>
# platform: linux-64
alabaster=0.7.10=py36h306e16b_0
asn1crypto=0.24.0=py36_0
astroid=2.1.0=py36_0
babel=2.5.3=py36_0
backcall=0.1.0=py36_0
bleach=1.5.0=py36_0
ca-certificates=2018.03.07=0
certifi=2018.11.29=py36_0
cffi=1.11.5=py36h9745a5d_0
chardet=3.0.4=py36h0f667ec_1
cloudpickle=0.6.1=py36_0
cryptography=2.3.1=py36hc365091_0
cycler=0.10.0=py36h93f1223_0
cython=0.28.2=py36h14c3975_0
dbus=1.13.2=h714fa37_1
decorator=4.2.1=py36_0
docutils=0.14=py36hb0f60f5_0
entrypoints=0.2.3=py36h1aec115_2
expat=2.2.5=he0dffb1_0
fontconfig=2.13.0=h9420a91_0
freetype=2.9.1=h8a8886c_1
glib=2.56.2=hd408876_0
gmp=6.1.2=h6c8ec71_1
gst-plugins-base=1.14.0=hbbd80ab_1
gstreamer=1.14.0=hb453b48_1
html5lib=0.9999999=py36_0
icu=58.2=h9c2bf20_1
idna=2.6=py36h82fb2a8_1
imagesize=1.0.0=py36_0
intel-openmp=2018.0.0=8
ipykernel=4.8.2=py36_0
ipython=6.3.1=py36_0
ipython_genutils=0.2.0=py36hb52b0d5_0
ipywidgets=7.2.1=py36_0
isort=4.3.4=py36_0
jedi=0.11.1=py36_1
jeepney=0.4=py36_0
jinja2=2.10=py36ha16c418_0
jpeg=9b=h024ee3a_2
jsonschema=2.6.0=py36h006f8b5_0
jupyter=1.0.0=py36_4
jupyter_client=5.2.3=py36_0
jupyter_console=5.2.0=py36he59e554_1
jupyter_core=4.4.0=py36h7c827e3_0
keyring=16.1.1=py36_0
kiwisolver=1.0.1=py36h764f252_0
lazy-object-proxy=1.3.1=py36h14c3975_2
libedit=3.1.20170329=h6b74fdf_2
libffi=3.2.1=hd88cf55_4
libgcc=7.2.0=h69d50b8_2
libgcc-ng=8.2.0=hdf63c60_1
libgfortran-ng=7.2.0=hdf63c60_3
libpng=1.6.35=hbc83047_0
libsodium=1.0.16=h1bed415_0
libstdcxx-ng=8.2.0=hdf63c60_1
libuuid=1.0.3=h1bed415_2
libxcb=1.13=h1bed415_0
libxml2=2.9.8=hf84eae3_0
markdown=2.2.0=py36_0
markupsafe=1.0=py36hd9260cd_1
matplotlib=2.2.2=py36h0e671d2_1
mccabe=0.6.1=py36_1
mistune=0.8.3=py36_0
mkl=2018.0.2=1
mkl_fft=1.0.1=py36h3010b51_0
mkl_random=1.0.1=py36h629b387_0
nbconvert=5.3.1=py36hb41ffb7_0
nbformat=4.4.0=py36h31c9010_0
ncurses=6.1=he6710b0_1
notebook=5.4.1=py36_0
numpy=1.14.2=py36hdbf6ddf_1
numpydoc=0.8.0=py36_0
openssl=1.0.2p=h14c3975_0
packaging=17.1=py36_0
pandas=0.22.0=py36hf484d3e_0
pandoc=1.19.2.1=hea2e7c5_1
pandocfilters=1.4.2=py36ha6701b7_1
parso=0.1.1=py36h35f843b_0
patsy=0.5.0=py36_0
pcre=8.42=h439df22_0
pexpect=4.4.0=py36_0
pickleshare=0.7.4=py36h63277f8_0
pip=9.0.3=py36_0
prompt_toolkit=1.0.15=py36h17d85b1_0
psutil=5.4.8=py36h7b6447c_0
ptyprocess=0.5.2=py36h69acd42_0
pycodestyle=2.4.0=py36_0
pycparser=2.18=py36hf9f622e_1
pydot=1.2.4=py36_0
pyflakes=2.0.0=py36_0
pygments=2.2.0=py36h0d3125c_0
pylint=2.2.2=py36_0
pyopenssl=17.5.0=py36h20ba746_0
pyparsing=2.2.0=py36hee85983_1
pyqt=5.9.2=py36h05f1152_2
pysocks=1.6.8=py36_0
python=3.6.6=h6e4f718_2
python-dateutil=2.7.2=py36_0
pytz=2018.3=py36_0
pyzmq=17.0.0=py36h14c3975_0
qt=5.9.6=h8703b6f_2
qtawesome=0.5.3=py36_0
qtconsole=4.3.1=py36h8f73b5b_0
qtpy=1.5.2=py36_0
readline=7.0=ha6073c6_4
requests=2.18.4=py36he2e5f8d_1
rope=0.11.0=py36_0
scikit-learn=0.19.1=py36h7aa7ec6_0
scipy=1.0.1=py36hfc37229_0
seaborn=0.8.1=py36hfad7ec4_0
secretstorage=3.1.0=py36_0
send2trash=1.5.0=py36_0
setuptools=39.0.1=py36_0
simplegeneric=0.8.1=py36_2
sip=4.19.8=py36hf484d3e_0
six=1.11.0=py36h372c433_1
snowballstemmer=1.2.1=py36h6febd40_0
sphinx=1.7.2=py36_0
sphinxcontrib=1.0=py36h6d0f590_1
sphinxcontrib-websupport=1.0.1=py36hb5cb234_1
spyder=3.3.2=py36_0
spyder-kernels=0.2.6=py36_0
sqlite=3.25.3=h7b6447c_0
statsmodels=0.8.0=py36h8533d0b_0
terminado=0.8.1=py36_1
testpath=0.3.1=py36h8cadb63_0
tk=8.6.8=hbc83047_0
tornado=5.0.1=py36_1
traitlets=4.3.2=py36h674d592_0
typed-ast=1.1.0=py36h14c3975_0
typing=3.6.4=py36_0
urllib3=1.22=py36hbe7ace6_0
wcwidth=0.1.7=py36hdf4376a_0
webencodings=0.5.1=py36h800622e_1
wheel=0.31.0=py36_0
widgetsnbextension=3.2.1=py36_0
wrapt=1.10.11=py36h14c3975_2
xz=5.2.4=h14c3975_4
zeromq=4.2.3=h439df22_3
zlib=1.2.11=ha838bed_2
